      0/99     2.79G    0.0549   0.03143   0.05413    0.1405        58       640    0.5792    0.6499    0.6076    0.2624   0.04204   0.02548   0.03191
      1/99     2.93G   0.04558   0.02618   0.02645   0.09821        68       640    0.8733    0.8046    0.8639    0.4021    0.0394   0.02475    0.0146
      2/99     2.93G   0.04344   0.02583   0.02029   0.08957        70       640    0.8849    0.8326    0.8805    0.4092   0.03919   0.02448   0.01203
      3/99     2.93G    0.0418   0.02538    0.0182   0.08538        57       640    0.8917    0.8646    0.9017    0.4253   0.03821   0.02405   0.01053
      4/99     2.93G   0.04074     0.025   0.01612   0.08186        34       640     0.904    0.8843    0.9201    0.4447   0.03756   0.02366  0.008989
      5/99     2.93G   0.04006   0.02485   0.01505   0.07996        73       640    0.9092    0.8948    0.9249    0.4487   0.03743   0.02352  0.008306
      6/99     2.93G   0.03977   0.02464   0.01449   0.07889        78       640    0.9201    0.8946    0.9302    0.4555   0.03705   0.02331  0.007856
      7/99     2.93G   0.03949   0.02451   0.01399   0.07799        82       640    0.9239    0.8975    0.9327    0.4546   0.03707   0.02325  0.007228
      8/99     2.93G   0.03929   0.02447   0.01367   0.07744        73       640    0.9183    0.9052    0.9361    0.4608   0.03678   0.02315  0.007029
      9/99     2.93G   0.03926   0.02446   0.01321   0.07693        52       640     0.929    0.9055    0.9376    0.4596   0.03689   0.02309  0.006803
     10/99     2.93G   0.03906   0.02425     0.013   0.07631        74       640    0.9253    0.9116    0.9403    0.4653   0.03675    0.0231  0.006545
     11/99     2.93G   0.03896   0.02432   0.01268   0.07596        69       640     0.929    0.9114    0.9397    0.4643   0.03669   0.02304  0.006166
     12/99     2.93G   0.03884   0.02424   0.01272   0.07581        64       640    0.9298    0.9149    0.9429    0.4678   0.03652   0.02298  0.006153
     13/99     2.93G   0.03881   0.02419   0.01249   0.07549        83       640    0.9248    0.9204    0.9425    0.4673   0.03644   0.02296  0.006024
     14/99     2.93G    0.0387   0.02423   0.01215   0.07508        55       640    0.9312    0.9172    0.9428    0.4679   0.03646   0.02296   0.00592
     15/99     2.93G   0.03871   0.02419   0.01236   0.07526        71       640    0.9274    0.9268    0.9443    0.4678   0.03651   0.02294  0.005927
     16/99     2.93G    0.0386   0.02421   0.01199   0.07479        64       640      0.93    0.9238    0.9439    0.4694   0.03642    0.0229  0.005985
     17/99     2.93G    0.0386   0.02423     0.012   0.07483        72       640    0.9269     0.926    0.9448    0.4693   0.03639   0.02287  0.005783
     18/99     2.93G   0.03843   0.02395   0.01185   0.07422        79       640    0.9289    0.9241    0.9453    0.4697   0.03639   0.02283   0.00578
     19/99     2.93G   0.03846   0.02406   0.01177   0.07429        68       640    0.9347    0.9195    0.9453    0.4703   0.03636   0.02284  0.005762
     20/99     2.93G   0.03838   0.02403   0.01183   0.07424        67       640    0.9269    0.9282    0.9458    0.4715   0.03632   0.02283   0.00571
     21/99     2.93G   0.03842   0.02413   0.01155    0.0741        61       640    0.9299    0.9279    0.9462    0.4718   0.03628   0.02282  0.005656
     22/99     2.93G   0.03831   0.02398   0.01133   0.07363        68       640    0.9302    0.9287    0.9469    0.4725   0.03624    0.0228  0.005598
     23/99     2.93G   0.03828   0.02399   0.01144   0.07371        73       640    0.9343    0.9261     0.947    0.4722   0.03624   0.02279  0.005581
     24/99     2.93G   0.03823   0.02401   0.01132   0.07356        70       640    0.9316    0.9302    0.9473    0.4725   0.03623   0.02278  0.005571
     25/99     2.93G   0.03819    0.0239   0.01115   0.07325        55       640    0.9347    0.9299    0.9484    0.4729    0.0362   0.02277  0.005567
     26/99     2.93G   0.03824   0.02387   0.01133   0.07344        64       640    0.9343    0.9291    0.9479    0.4731   0.03621   0.02277  0.005524
     27/99     2.93G   0.03815   0.02391   0.01105    0.0731        46       640    0.9358    0.9286    0.9482    0.4732   0.03622   0.02276   0.00549
     28/99     2.93G   0.03811   0.02385   0.01104   0.07301        73       640    0.9318    0.9336    0.9485    0.4732   0.03622   0.02276  0.005471
     29/99     2.93G   0.03807    0.0239   0.01097   0.07294        55       640    0.9351    0.9308    0.9489    0.4732   0.03622   0.02275  0.005457
     30/99     2.93G   0.03792   0.02397   0.01078   0.07267        65       640    0.9349    0.9317    0.9488    0.4733   0.03622   0.02275  0.005456
     31/99     2.93G   0.03795   0.02382   0.01083    0.0726        58       640    0.9323     0.934    0.9487    0.4732   0.03622   0.02275   0.00545
     32/99     2.93G   0.03785   0.02379   0.01074   0.07238        61       640    0.9349    0.9316     0.949    0.4735   0.03621   0.02275   0.00544
     33/99     2.93G   0.03786   0.02378   0.01064   0.07228        62       640    0.9361    0.9311    0.9492    0.4735   0.03621   0.02275  0.005436
     34/99     2.93G   0.03789   0.02381   0.01081   0.07252        53       640    0.9356    0.9316    0.9494    0.4733   0.03621   0.02274   0.00544
     35/99     2.93G   0.03783    0.0238   0.01062   0.07224        73       640    0.9342    0.9328    0.9495    0.4737    0.0362   0.02274  0.005447
     36/99     2.93G   0.03784   0.02381   0.01049   0.07215        41       640    0.9338    0.9332    0.9495    0.4738   0.03619   0.02274  0.005446
     37/99     2.93G   0.03774   0.02378   0.01046   0.07198        70       640    0.9336    0.9336    0.9496     0.474   0.03619   0.02274  0.005445
     38/99     2.93G   0.03775   0.02373   0.01052     0.072        61       640    0.9375    0.9297    0.9495    0.4738   0.03619   0.02274  0.005432
     39/99     2.93G   0.03773   0.02377    0.0104   0.07191        48       640    0.9373    0.9302    0.9498    0.4741   0.03618   0.02273  0.005425
     40/99     2.93G   0.03767    0.0237   0.01035   0.07173        55       640    0.9382    0.9294    0.9499     0.474   0.03618   0.02273  0.005417
     41/99     2.93G   0.03759   0.02368   0.01014    0.0714        58       640    0.9383    0.9292    0.9501     0.474   0.03618   0.02273  0.005406
     42/99     2.93G    0.0377   0.02379   0.01036   0.07185        70       640    0.9376    0.9299    0.9501    0.4738   0.03617   0.02272  0.005404
     43/99     2.93G   0.03759   0.02364   0.01025   0.07148        59       640    0.9349    0.9329    0.9499    0.4739   0.03617   0.02272  0.005392
     44/99     2.93G   0.03756   0.02364   0.01007   0.07127        60       640    0.9335    0.9344    0.9498    0.4741   0.03616   0.02271  0.005376
     45/99     2.93G   0.03755   0.02363   0.01001   0.07119        53       640    0.9349    0.9333    0.9498    0.4744   0.03616   0.02271  0.005362
     46/99     2.93G   0.03751    0.0236  0.009922   0.07103        57       640    0.9343    0.9344    0.9502    0.4744   0.03616   0.02271  0.005348
     47/99     2.93G   0.03746   0.02356  0.009956   0.07098        62       640    0.9347    0.9337    0.9502    0.4746   0.03615    0.0227  0.005332
     48/99     2.93G   0.03741    0.0236  0.009755   0.07077        68       640    0.9363    0.9322    0.9502    0.4748   0.03615    0.0227  0.005312
     49/99     2.93G    0.0374   0.02374  0.009672   0.07082        58       640    0.9365    0.9325    0.9502    0.4748   0.03615    0.0227  0.005295
     50/99     2.93G   0.03736   0.02361  0.009783   0.07076        72       640    0.9385    0.9303    0.9502    0.4748   0.03615   0.02269  0.005282
     51/99     2.93G   0.03726   0.02352  0.009624    0.0704        60       640    0.9371    0.9317    0.9503    0.4747   0.03614   0.02269  0.005277
     52/99     2.93G   0.03727   0.02353  0.009715   0.07052        52       640    0.9366     0.932    0.9504     0.475   0.03614   0.02269  0.005277
     53/99     2.93G   0.03716   0.02333  0.009715   0.07021        51       640    0.9376    0.9313    0.9504     0.475   0.03614   0.02268  0.005272
     54/99     2.93G   0.03734   0.02352  0.009653   0.07051        60       640    0.9377    0.9314    0.9504    0.4751   0.03614   0.02268  0.005257
     55/99     2.93G   0.03716   0.02349   0.00937   0.07002        57       640    0.9372    0.9319    0.9504     0.475   0.03614   0.02267  0.005246
     56/99     2.93G   0.03711   0.02351  0.009307   0.06993        57       640    0.9375    0.9313    0.9502    0.4752   0.03614   0.02267  0.005243
     57/99     2.93G   0.03704   0.02351  0.009341   0.06989        60       640    0.9344    0.9352    0.9505    0.4753   0.03614   0.02266  0.005231
     58/99     2.93G     0.037    0.0235   0.00922   0.06972        62       640    0.9378     0.932    0.9508    0.4752   0.03614   0.02266  0.005226
     59/99     2.93G   0.03701   0.02345  0.009356   0.06982        69       640    0.9363    0.9338    0.9508    0.4756   0.03615   0.02265  0.005227
     60/99     2.93G   0.03696   0.02346  0.009214   0.06964        65       640    0.9372    0.9326    0.9508    0.4755   0.03615   0.02265  0.005229
     61/99     2.93G   0.03686   0.02341  0.009008   0.06928        41       640    0.9385    0.9317    0.9508    0.4758   0.03616   0.02264  0.005229
     62/99     2.93G   0.03691   0.02338  0.008992   0.06929        58       640    0.9388    0.9317    0.9507    0.4757   0.03615   0.02264  0.005223
     63/99     2.93G   0.03672    0.0234  0.008878   0.06901        67       640    0.9393    0.9315     0.951    0.4762   0.03615   0.02264  0.005222
     64/99     2.93G    0.0367   0.02345  0.008951   0.06911        64       640     0.939    0.9319    0.9509    0.4763   0.03615   0.02263  0.005216
     65/99     2.93G   0.03663   0.02328  0.008788   0.06869        64       640    0.9387    0.9327     0.951    0.4764   0.03615   0.02262   0.00521
     66/99     2.93G   0.03673    0.0233  0.008903   0.06893        64       640    0.9372    0.9343    0.9512    0.4763   0.03616   0.02262  0.005206
     67/99     2.93G   0.03663   0.02322  0.008805   0.06866        60       640    0.9375    0.9346    0.9513    0.4763   0.03615   0.02262  0.005199
     68/99     2.93G   0.03671   0.02337   0.00875   0.06883        62       640    0.9367    0.9357    0.9517    0.4762   0.03615   0.02261    0.0052
     69/99     2.93G   0.03666   0.02327  0.008582   0.06852        64       640    0.9354    0.9372    0.9519    0.4762   0.03615   0.02261  0.005192
     70/99     2.93G   0.03651   0.02324  0.008584   0.06833        62       640    0.9363    0.9359    0.9517    0.4763   0.03615    0.0226  0.005187
     71/99     2.93G   0.03653   0.02332  0.008528   0.06837        42       640    0.9366    0.9358    0.9518    0.4763   0.03614    0.0226  0.005183
     72/99     2.93G   0.03636   0.02313  0.008578   0.06806        64       640    0.9363    0.9359    0.9518    0.4761   0.03614   0.02259  0.005169
     73/99     2.93G   0.03639   0.02324  0.008561   0.06819        56       640    0.9361    0.9355    0.9515    0.4759   0.03614   0.02259  0.005159
     74/99     2.93G   0.03644    0.0233  0.008388   0.06812        55       640    0.9366    0.9357    0.9518    0.4762   0.03615   0.02258  0.005148
     75/99     2.93G   0.03634   0.02315  0.008364   0.06786        53       640    0.9348    0.9378    0.9518    0.4764   0.03615   0.02258  0.005139
     76/99     2.93G   0.03635   0.02315  0.008344   0.06784        67       640    0.9359    0.9373    0.9522    0.4764   0.03615   0.02258  0.005132
     77/99     2.93G   0.03622   0.02324  0.008212   0.06767        50       640    0.9348    0.9379     0.952    0.4762   0.03615   0.02257   0.00513
     78/99     2.93G   0.03617   0.02323  0.008141   0.06754        52       640    0.9349    0.9382    0.9523    0.4763   0.03614   0.02257  0.005123
     79/99     2.93G   0.03616   0.02326  0.008182    0.0676        67       640    0.9347    0.9389    0.9523    0.4759   0.03615   0.02257  0.005121
     80/99     2.93G   0.03615   0.02324  0.008091   0.06748        46       640    0.9359     0.938    0.9525    0.4758   0.03614   0.02257  0.005117
     81/99     2.93G   0.03596   0.02308  0.007898   0.06694        50       640    0.9383    0.9364    0.9527    0.4759   0.03615   0.02256   0.00511
     82/99     2.93G   0.03598   0.02308  0.008006   0.06707        55       640    0.9381    0.9375    0.9529    0.4757   0.03615   0.02256  0.005108
     83/99     2.93G   0.03596   0.02306  0.007916   0.06693        56       640    0.9368    0.9394    0.9528    0.4756   0.03615   0.02256  0.005105
     84/99     2.93G   0.03591   0.02312  0.007907   0.06694        62       640    0.9396    0.9377    0.9531    0.4754   0.03615   0.02256  0.005102
     85/99     2.93G   0.03589   0.02311  0.007756   0.06676        65       640    0.9381    0.9385    0.9526    0.4757   0.03615   0.02255  0.005097
     86/99     2.93G   0.03584   0.02309  0.007848   0.06678        74       640    0.9382    0.9397    0.9529    0.4757   0.03615   0.02255  0.005087
     87/99     2.93G   0.03578   0.02279   0.00776   0.06633        50       640    0.9375    0.9388    0.9524    0.4757   0.03615   0.02255  0.005084
     88/99     2.93G   0.03573   0.02298  0.007702   0.06642        63       640    0.9373    0.9395    0.9529    0.4755   0.03616   0.02255  0.005079
     89/99     2.93G   0.03569   0.02302  0.007702   0.06641        52       640    0.9363    0.9401    0.9528    0.4755   0.03616   0.02255  0.005078
     90/99     2.93G   0.03575   0.02295  0.007698    0.0664        56       640     0.936    0.9402    0.9528    0.4753   0.03617   0.02255  0.005081
     91/99     2.93G   0.03571   0.02303  0.007669   0.06642        49       640    0.9398    0.9358    0.9526    0.4754   0.03617   0.02254  0.005087
     92/99     2.93G   0.03572   0.02303  0.007715   0.06646        63       640     0.935    0.9405    0.9525    0.4752   0.03618   0.02254  0.005088
     93/99     2.93G   0.03559   0.02301  0.007676   0.06628        68       640    0.9393    0.9362    0.9527    0.4753   0.03618   0.02254  0.005086
     94/99     2.93G   0.03552     0.023  0.007586   0.06611        61       640     0.937    0.9386    0.9525    0.4749   0.03619   0.02254  0.005094
     95/99     2.93G   0.03554   0.02284  0.007632   0.06601        57       640    0.9367    0.9391    0.9523    0.4748    0.0362   0.02254  0.005101
     96/99     2.93G   0.03551   0.02287  0.007572   0.06596        54       640    0.9374    0.9389    0.9523    0.4745    0.0362   0.02254  0.005112
     97/99     2.93G   0.03542   0.02296  0.007576   0.06596        72       640     0.936    0.9394    0.9517    0.4747   0.03621   0.02254  0.005127
     98/99     2.93G   0.03546    0.0228  0.007606   0.06586        49       640    0.9347    0.9398    0.9514    0.4745   0.03622   0.02254  0.005135
     99/99     2.93G   0.03545   0.02287  0.007622   0.06594        72       640    0.9384    0.9363    0.9513    0.4745   0.03623   0.02254  0.005141
